MOTOCICLETA,BICICLETA / BICIPLUS,AUTOMOVIL,,,,,,
CCU Chicureo Alta Demanda,-,CCU Chicureo Alta Demanda,,,,,Bel bellavista centro ,CCU Chicureo Alta Demanda
CON Conchali Alta Demanda,CON Conchali Alta Demanda,CON Conchali Alta Demanda,,,,,Ccu arauco premium outlet buenaventura ,CON Conchali Alta Demanda
CON Conchali Express,CON Conchali Express,CON Conchali Express,,,,,Ccu la montana express ,CON Conchali Express
MAI Copec San Pablo,-,MAI Copec San Pablo,,,,,Vit vitacura sur - parque arauco ,MAI Copec San Pablo
VIT PeYa Market Las Condes,VIT PeYa Market Las Condes,VIT PeYa Market Las Condes,,,,,Vit vitacura norte - alto las condes ,VIT PeYa Market Las Condes
VIT Peya market manquehue,VIT Peya market manquehue,VIT Peya market manquehue,,,,,Ccu valle grande ,VIT Peya market manquehue
VIT PeYa Market Providencia,VIT PeYa Market Providencia,VIT PeYa Market Providencia,,,,,Bel providencia - metro los leones ,VIT PeYa Market Providencia
VIT Edarkstore,-,-,,,,,Ccu paseo la montana ,FLO Florida - Mall Plaza Vespucio
FLO Florida - Mall Plaza Vespucio,FLO Florida bici Mall Plaza Vespucio,FLO Florida - Mall Plaza Vespucio,,,,,Qna alameda - metro republica ,FLO Florida Express
FLO Florida Express,FLO Florida Express,FLO Florida Express,,,,,Ccu la montana alta demanda ,FLO La Florida Alta Demanda
FLO La Florida Alta Demanda,FLO La Florida Alta Demanda,FLO La Florida Alta Demanda,,,,,Cna cerro navia ,MAI Maipu Alta Demanda
MAI Maipu Alta Demanda,MAI Maipu Alta Demanda,MAI Maipu Alta Demanda,,,,,Rec metro einstein ,PAL Puente Alto Alta Demanda
PAL Puente Alto Alta Demanda,PAL Puente Alto Alta Demanda,PAL Puente Alto Alta Demanda,,,,,Phu petrobras ciudad satelite ,REC Recoleta Alta Demanda
REC Recoleta Alta Demanda,REC Recoleta Alta Demanda,REC Recoleta Alta Demanda,,,,,Smi paseo franklin ,VIT Vitacura Alta Demanda
VIT Vitacura Alta Demanda,VIT Vitacura Alta Demanda,VIT Vitacura Alta Demanda,,,,,Phu mcdonalds padre hurtado ,PAL Metro Las Mercedes
PAL Metro Las Mercedes,PAL Metro Las Mercedes Bici,PAL Metro Las Mercedes,,,,,Flo florida - mall plaza vespucio ,LBA Lo Barnechea - Portal La Dehesa
LBA Lo Barnechea - Portal La Dehesa,LBA Lo Barnechea - Portal La Dehesa,LBA Lo Barnechea - Portal La Dehesa,,,,,Qna mcdonalds pajaritos ,LBA Lo Barnechea Express
LBA Lo Barnechea Express,LBA Lo Barnechea Express,LBA Lo Barnechea Express,,,,,Sbe peya market san bernardo ,MAI Maipu Express
MAI Maipu Express,MAI Maipu Express,MAI Maipu Express,,,,,Con metro conchali ,PAL Puente Alto Express
PAL Puente Alto Express,PAL Puente Alto Express,PAL Puente Alto Express,,,,,Vit metro principe de gales ,REC Recoleta Express
REC Recoleta Express,REC Recoleta Express,REC Recoleta Express,,,,,Vit plaza los dominicos ,VIT Vitacura Express
VIT Vitacura Express,VIT Vitacura Express,VIT Vitacura Express,,,,,Bel bellavista centro express ,MAN Mall Apumanque
MAN Mall Apumanque,MAN Mall Apumanque,MAN Mall Apumanque,,,,,Vit vitacura express ,MAI Mall Arauco Maipu
MAI Mall Arauco Maipu,MAI Mall Arauco Maipu bici,MAI Mall Arauco Maipu,,,,,Plo penalolen express ,REC Mall Barrio Independencia
REC Mall Barrio Independencia,REC Mall Barrio Independencia Bici,REC Mall Barrio Independencia,,,,,Mai maipu express ,PAL Mall Plaza Tobalaba
PAL Mall Plaza Tobalaba,PAL Mall Plaza Tobalaba bici,PAL Mall Plaza Tobalaba,,,,,Flo florida express ,FLO Mall Vivo Outlet Florida
FLO Mall Vivo Outlet Florida,FLO Mall Vivo Outlet Florida,FLO Mall Vivo Outlet Florida,,,,,Mai plaza maipu bici ,CCU Mall Vivo Piedra Roja
CCU Mall Vivo Piedra Roja,-,CCU Mall Vivo Piedra Roja,,,,,Pal puente alto express ,CCU Mcdonalds Lampa
CCU Mcdonalds Lampa,-,CCU Mcdonalds Lampa,,,,,Rec recoleta express ,REC Metro Einstein
REC Metro Einstein,REC Metro Einstein bici,REC Metro Einstein,,,,,Smi san miguel express ,PHU Mid Mall Maipu
PHU Mid Mall Maipu,PHU Mid Mall Maipu bici,PHU Mid Mall Maipu,,,,,Qui quilicura express ,VIT Plaza Los Dominicos
VIT Plaza Los Dominicos,-,VIT Plaza Los Dominicos,,,,,Qna quinta normal express ,MAI Plaza Maipu
MAI Plaza Maipu,MAI Plaza Maipu bici,MAI Plaza Maipu,,,,,Sbe san bernardo express ,VIT Metro Principe De Gales
VIT Metro Principe De Gales,VIT Metro Principe De Gales bici,VIT Metro Principe De Gales,,,,,Lba lo barnechea - portal la dehesa ,CON Lider Recoleta
CON Lider Recoleta,CON Lider Recoleta bici,CON Lider Recoleta,,,,,Phu padre hurtado express ,CON Pedro Fontova Norte .
CON Pedro Fontova Norte .,CON Pedro Fontova Norte bici,CON Pedro Fontova Norte,,,,,Lba lo barnechea express ,CCU Tottus Chamisero
CCU Tottus Chamisero,-,CCU Tottus Chamisero,,,,,Ccu chicureo express ,VIT Vitacura Norte - Alto Las Condes
VIT Vitacura Norte - Alto Las Condes,VIT Vitacura Norte Bici Alto Las Condes,VIT Vitacura Norte - Alto Las Condes,,,,,Lba cantagallo ,VIT Vitacura Sur - Parque Arauco
VIT Vitacura Sur - Parque Arauco,VIT Vitacura Sur Bici Parque Arauco,VIT Vitacura Sur - Parque Arauco,,,,,Mai mall arauco maipu ,QNA Alameda - Metro Republica
QNA Alameda - Metro Republica,QNA Alameda Bici Metro Republica,QNA Alameda - Metro Republica,,,,,Bel plaza nunoa ,SBE Almte Riveros San Bernardo
SBE Almte Riveros San Bernardo,-,-,,,,,Lba mall vivo los trapenses ,CCU Arauco Premium Outlet Buenaventura
CCU Arauco Premium Outlet Buenaventura,CCU Arauco Premium Outlet Buenaventura,CCU Arauco Premium Outlet Buenaventura,,,,,Flo mall vivo outlet florida ,BEL Bellavista Centro
BEL Bellavista Centro,BEL Bellavista Centro Bici,BEL Bellavista Centro,,,,,Phu plaza monumento ,BEL Bellavista Centro Alta Demanda
BEL Bellavista Centro Alta Demanda,BEL Bellavista Centro Alta Demanda,BEL Bellavista Centro Alta Demanda,,,,,Sbe almte riveros san bernardo ,BEL Bellavista Centro Express
BEL Bellavista Centro Express,BEL Bellavista Centro Express,BEL Bellavista Centro Express,,,,,Mai copec san pablo ,CCU La Montana Alta Demanda
CCU La Montana Alta Demanda,CCU La Montana Alta Demanda,CCU La Montana Alta Demanda,,,,,Plo mall alto penalolen ,QNA PeYa Market Estacion Central
QNA PeYa Market Estacion Central,QNA PeYa Market Estacion Central,QNA PeYa Market Estacion Central,,,,,Bel peya market santiago centro ,PAL PeYa Market La Florida
PAL PeYa Market La Florida,PAL PeYa Market La Florida,PAL PeYa Market La Florida,,,,,Qui mall plaza norte ,MAI PeYa Market Maipu
MAI PeYa Market Maipu,MAI PeYa Market Maipu,MAI PeYa Market Maipu,,,,,Vit peya market providencia ,PLO PeYa Market Penalolen
PLO PeYa Market Penalolen,PLO PeYa Market Penalolen,PLO PeYa Market Penalolen,,,,,Pal mall plaza tobalaba ,SBE PeYa Market San Bernardo
SBE PeYa Market San Bernardo,SBE PeYa Market San Bernardo,SBE PeYa Market San Bernardo,,,,,Pal metro las mercedes ,SMI PeYa Market San Miguel
SMI PeYa Market San Miguel,SMI PeYa Market San Miguel,SMI PeYa Market San Miguel,,,,,Smi mcdonald's san miguel,BEL PeYa Market Santiago Centro
BEL PeYa Market Santiago Centro,BEL PeYa Market Santiago Centro,BEL PeYa Market Santiago Centro,,,,,Vit peya market las condes,QNA Mcdonald´s General Velasquez
QNA Mcdonald´s General Velasquez,-,QNA Mcdonald´s General Velasquez,,,,,Plo macul ,SMI Metro La Cisterna
SMI Metro La Cisterna,SMI Metro La Cisterna Bici,SMI Metro La Cisterna,,,,,Smi metro la cisterna ,CCU La Montana Express
CCU La Montana Express,CCU La Montana Express,CCU La Montana Express,,,,,Con lider recoleta ,PLO Macul
PLO Macul,PLO Macul Bici,PLO Macul,,,,,Phu mid mall maipu ,QUI Mall Arauco Quilicura
QUI Mall Arauco Quilicura,QUI Mall Arauco Quilicura Bici,-,,,,,Mai mall plaza oeste ,MAI Mall Plaza Oeste
MAI Mall Plaza Oeste,-,MAI Mall Plaza Oeste,,,,,Con conchali express ,SBE Mall Plaza Sur
SBE Mall Plaza Sur,-,-,,,,,Vit vitacura alta demanda ,QNA Mcdonalds Pajaritos
QNA Mcdonalds Pajaritos,MAI Mcdonalds Pajaritos Bici,QNA Mcdonalds Pajaritos,,,,,Vit peya market manquehue ,SMI Mcdonald's San Miguel
SMI Mcdonald's San Miguel,SMI Mcdonalds San Miguel Bici,-,,,,,Bel bellavista centro alta demanda ,PHU Padre Hurtado Alta Demanda
PHU Padre Hurtado Alta Demanda,PHU Padre Hurtado Alta Demanda,PHU Padre Hurtado Alta Demanda,,,,,Ccu chicureo alta demanda ,PHU Padre Hurtado Express
PHU Padre Hurtado Express,PHU Padre Hurtado Express,PHU Padre Hurtado Express,,,,,Mai maipu alta demanda ,PHU Mcdonalds Padre Hurtado
PHU Mcdonalds Padre Hurtado,-,PHU Mcdonalds Padre Hurtado,,,,,Con conchali alta demanda ,SMI Paseo Franklin
SMI Paseo Franklin,SMI Paseo Franklin Bici,SMI Paseo Franklin,,,,,Pal peya market la florida ,CCU Paseo La Montana
CCU Paseo La Montana,CCU Paseo La Montana,CCU Paseo La Montana,,,,,Flo la florida alta demanda ,PLO Mall Alto Penalolen
PLO Mall Alto Penalolen,PLO Mall Alto Penalolen Bici,PLO Mall Alto Penalolen,,,,,Rec peya market estacion central ,PLO Penalolen Express
PLO Penalolen Express,PLO Penalolen Express,PLO Penalolen Express,,,,,Ccu tottus chamisero ,PLO Penalolen Alta Demanda
PLO Penalolen Alta Demanda,PLO Penalolen Alta Demanda,PLO Penalolen Alta Demanda,,,,,Lba lo barnechea alta demanda ,BEL Plaza Nunoa
BEL Plaza Nunoa,BEL Plaza Nunoa Bici,BEL Plaza Nunoa,,,,,Plo peya market penalolen ,BEL Providencia - Metro Los Leones
BEL Providencia - Metro Los Leones,BEL Providencia Bici Metro Los Leones,BEL Providencia - Metro Los Leones,,,,,Smi peya market san miguel ,CCU Valle Grande
CCU Valle Grande,CCU Valle Grande,CCU Valle Grande,,,,,Ccu boulevard los ingleses ,SMI San Miguel Alta Demanda
SMI San Miguel Alta Demanda,SMI San Miguel Alta Demanda,SMI San Miguel Alta Demanda,,,,,Phu padre hurtado alta demanda ,SBE San Bernardo Express
SBE San Bernardo Express,SBE San Bernardo Express,-,,,,,Ccu mall vivo piedra roja ,SMI San Miguel Express
SMI San Miguel Express,SMI San Miguel Express,SMI San Miguel Express,,,,,Mai peya market maipu ,QUI Quilicura Alta Demanda
QUI Quilicura Alta Demanda,QUI Quilicura Alta Demanda,-,,,,,Plo penalolen alta demanda ,QUI Quilicura Express
QUI Quilicura Express,QUI Quilicura Express,-,,,,,Ccu mcdonalds lampa ,QNA Quinta Normal Alta Demanda
QNA Quinta Normal Alta Demanda,QNA Quinta Normal Alta Demanda,QNA Quinta Normal Alta Demanda,,,,,Pal puente alto alta demanda ,QNA Quinta Normal Express
QNA Quinta Normal Express,QNA Quinta Normal Express,QNA Quinta Normal Express,,,,,Qna peya market estacion central ,SBE San Bernardo Alta Demanda
SBE San Bernardo Alta Demanda,SBE San Bernardo Alta Demanda,-,,,,,Qui quilicura alta demanda ,SBE Plaza San Bernardo
SBE Plaza San Bernardo,SBE Plaza San Bernardo Bici,-,,,,,Qna quinta normal alta demanda ,PHU Petrobras Ciudad Satelite
PHU Petrobras Ciudad Satelite,-,PHU Petrobras Ciudad Satelite,,,,,Rec recoleta alta demanda ,PHU Plaza Monumento
PHU Plaza Monumento,-,PHU Plaza Monumento,,,,,Sbe san bernardo alta demanda ,CER Mall Plaza Oeste Cerrillos
CER Mall Plaza Oeste Cerrillos,CER Mall Plaza Oeste Cerrillos,CER Mall Plaza Oeste Cerrillos,,,,,Vit peya market la reina ,QUI Mall Plaza Norte
QUI Mall Plaza Norte,QUI Lider Huechuraba Bici,-,,,,,Smi san miguel alta demanda ,CNA Cerro Navia
CNA Cerro Navia,CNA Cerro Navia Bici,CNA Cerro Navia,,,,,Man mall apumanque ,PAL Mcdonalds Las Vizcachas
PAL Mcdonalds Las Vizcachas,-,PAL Mcdonalds Las Vizcachas,,,,,Pal mcdonalds las vizcachas ,Rec peya market estacion central
Rec peya market estacion central,Rec peya market estacion central,Rec peya market estacion central,,,,,Qna mcdonald´s general velasquez ,Con metro conchali
Con metro conchali,null,Con metro conchali,,,,,Cer mall plaza oeste cerrillos ,LBA Mall Vivo Los Trapenses
-,ECE Estacion Central Bici,-,,,,,Sbe mall plaza sur ,LBA Lo Barnechea Alta Demanda
LBA Mall Vivo Los Trapenses,LBA Mall Vivo Los Trapenses,LBA Mall Vivo Los Trapenses,,,,,Sbe plaza san bernardo ,VIT PeYa Market La Reina
LBA Lo Barnechea Alta Demanda,LBA Lo Barnechea Alta Demanda,LBA Lo Barnechea Alta Demanda,,,,,Qui mall arauco quilicura ,CCU Chicureo Express
VIT PeYa Market La Reina,VIT PeYa Market La Reina,VIT PeYa Market La Reina,,,,,Rec mall barrio independencia,LBA Cantagallo
CCU Chicureo Express,-,CCU Chicureo Express,,,,,,CCU Boulevard Los Ingleses
LBA Cantagallo,LBA Cantagallo,LBA Cantagallo,,,,,,
CCU Boulevard Los Ingleses,-,CCU Boulevard Los Ingleses,,,,,,